0 0 1.177038e+02 6.234868e-10
0 0 1.630689e+02 4.232634e-10
0 0 2.259187e+02 2.920953e-10
0 0 3.129918e+02 2.024245e-10
0 0 4.336244e+02 1.385634e-10
0 0 6.007511e+02 9.222675e-11
0 0 8.322914e+02 5.894554e-11
0 0 1.153072e+03 3.590271e-11
0 0 1.597486e+03 2.079556e-11
0 0 2.213186e+03 1.148192e-11
0 0 3.066188e+03 6.078642e-12
0 0 4.247952e+03 3.112540e-12
0 1 1.177038e+02 1.106000e-09
0 1 1.630689e+02 7.380640e-10
0 1 2.259187e+02 5.028430e-10
0 1 3.129918e+02 3.475936e-10
0 1 4.336244e+02 2.402971e-10
0 1 6.007511e+02 1.633051e-10
0 1 8.322914e+02 1.074193e-10
0 1 1.153072e+03 6.761920e-11
0 1 1.597486e+03 4.050345e-11
0 1 2.213186e+03 2.306151e-11
0 1 3.066188e+03 1.252441e-11
0 1 4.247952e+03 6.538724e-12
0 2 1.177038e+02 1.269143e-09
0 2 1.630689e+02 8.435635e-10
0 2 2.259187e+02 5.724526e-10
0 2 3.129918e+02 3.949501e-10
0 2 4.336244e+02 2.733072e-10
0 2 6.007511e+02 1.864665e-10
0 2 8.322914e+02 1.234034e-10
0 2 1.153072e+03 7.826802e-11
0 2 1.597486e+03 4.725889e-11
0 2 2.213186e+03 2.711464e-11
0 2 3.066188e+03 1.482234e-11
0 2 4.247952e+03 7.778087e-12
0 3 1.177038e+02 1.363630e-09
0 3 1.630689e+02 9.046549e-10
0 3 2.259187e+02 6.127472e-10
0 3 3.129918e+02 4.223558e-10
0 3 4.336244e+02 2.924183e-10
0 3 6.007511e+02 1.998742e-10
0 3 8.322914e+02 1.326582e-10
0 3 1.153072e+03 8.443576e-11
0 3 1.597486e+03 5.117281e-11
0 3 2.213186e+03 2.946213e-11
0 3 3.066188e+03 1.615335e-11
0 3 4.247952e+03 8.495997e-12
0 4 1.177038e+02 1.442328e-09
0 4 1.630689e+02 9.555201e-10
0 4 2.259187e+02 6.462915e-10
0 4 3.129918e+02 4.451716e-10
0 4 4.336244e+02 3.083265e-10
0 4 6.007511e+02 2.110402e-10
0 4 8.322914e+02 1.403712e-10
0 4 1.153072e+03 8.958033e-11
0 4 1.597486e+03 5.443746e-11
0 4 2.213186e+03 3.142183e-11
0 4 3.066188e+03 1.726497e-11
0 4 4.247952e+03 9.095740e-12
1 1 1.177038e+02 2.803441e-09
1 1 1.630689e+02 1.828407e-09
1 1 2.259187e+02 1.207758e-09
1 1 3.129918e+02 8.160461e-10
1 1 4.336244e+02 5.609157e-10
1 1 6.007511e+02 3.867926e-10
1 1 8.322914e+02 2.628918e-10
1 1 1.153072e+03 1.732787e-10
1 1 1.597486e+03 1.094891e-10
1 1 2.213186e+03 6.586667e-11
1 1 3.066188e+03 3.764141e-11
1 1 4.247952e+03 2.051045e-11
1 2 1.177038e+02 3.787729e-09
1 2 1.630689e+02 2.454638e-09
1 2 2.259187e+02 1.606327e-09
1 2 3.129918e+02 1.072913e-09
1 2 4.336244e+02 7.316031e-10
1 2 6.007511e+02 5.036440e-10
1 2 8.322914e+02 3.441920e-10
1 2 1.153072e+03 2.295249e-10
1 2 1.597486e+03 1.473902e-10
1 2 2.213186e+03 9.033442e-11
1 2 3.066188e+03 5.262768e-11
1 2 4.247952e+03 2.918974e-11
1 3 1.177038e+02 4.381490e-09
1 3 1.630689e+02 2.832275e-09
1 3 2.259187e+02 1.846785e-09
1 3 3.129918e+02 1.227653e-09
1 3 4.336244e+02 8.340406e-10
1 3 6.007511e+02 5.736091e-10
1 3 8.322914e+02 3.928239e-10
1 3 1.153072e+03 2.631604e-10
1 3 1.597486e+03 1.700733e-10
1 3 2.213186e+03 1.050203e-10
1 3 3.066188e+03 6.164383e-11
1 3 4.247952e+03 3.443317e-11
1 4 1.177038e+02 4.880183e-09
1 4 1.630689e+02 3.149415e-09
1 4 2.259187e+02 2.048662e-09
1 4 3.129918e+02 1.357436e-09
1 4 4.336244e+02 9.199963e-10
1 4 6.007511e+02 6.323032e-10
1 4 8.322914e+02 4.335704e-10
1 4 1.153072e+03 2.913536e-10
1 4 1.597486e+03 1.890973e-10
1 4 2.213186e+03 1.173378e-10
1 4 3.066188e+03 6.922074e-11
1 4 4.247952e+03 3.884016e-11
2 2 1.177038e+02 6.027188e-09
2 2 1.630689e+02 3.883591e-09
2 2 2.259187e+02 2.513895e-09
2 2 3.129918e+02 1.644760e-09
2 2 4.336244e+02 1.100325e-09
2 2 6.007511e+02 7.490760e-10
2 2 8.322914e+02 5.121996e-10
2 2 1.153072e+03 3.457853e-10
2 2 1.597486e+03 2.269701e-10
2 2 2.213186e+03 1.431923e-10
2 2 3.066188e+03 8.619484e-11
2 2 4.247952e+03 4.941460e-11
2 3 1.177038e+02 7.683415e-09
2 3 1.630689e+02 4.961458e-09
2 3 2.259187e+02 3.194961e-09
2 3 3.129918e+02 2.072736e-09
2 3 4.336244e+02 1.372798e-09
2 3 6.007511e+02 9.274340e-10
2 3 8.322914e+02 6.325628e-10
2 3 1.153072e+03 4.284423e-10
2 3 1.597486e+03 2.835834e-10
2 3 2.213186e+03 1.811051e-10
2 3 3.066188e+03 1.106210e-10
2 3 4.247952e+03 6.441059e-11
2 4 1.177038e+02 9.101773e-09
2 4 1.630689e+02 5.887352e-09
2 4 2.259187e+02 3.779773e-09
2 4 3.129918e+02 2.440405e-09
2 4 4.336244e+02 1.606516e-09
2 4 6.007511e+02 1.080181e-09
2 4 8.322914e+02 7.354700e-10
2 4 1.153072e+03 4.990415e-10
2 4 1.597486e+03 3.319257e-10
2 4 2.213186e+03 2.134913e-10
2 4 3.066188e+03 1.315126e-10
2 4 4.247952e+03 7.725997e-11
3 3 1.177038e+02 1.086043e-08
3 3 1.630689e+02 7.120320e-09
3 3 2.259187e+02 4.554025e-09
3 3 3.129918e+02 2.928195e-09
3 3 4.336244e+02 1.905389e-09
3 3 6.007511e+02 1.266189e-09
3 3 8.322914e+02 8.548852e-10
3 3 1.153072e+03 5.782652e-10
3 3 1.597486e+03 3.857802e-10
3 3 2.213186e+03 2.502305e-10
3 3 3.066188e+03 1.561406e-10
3 3 4.247952e+03 9.321403e-11
3 4 1.177038e+02 1.396947e-08
3 4 1.630689e+02 9.273574e-09
3 4 2.259187e+02 5.924840e-09
3 4 3.129918e+02 3.789667e-09
3 4 4.336244e+02 2.439221e-09
3 4 6.007511e+02 1.602433e-09
3 4 8.322914e+02 1.072414e-09
3 4 1.153072e+03 7.232131e-10
3 4 1.597486e+03 4.838952e-10
3 4 2.213186e+03 3.164834e-10
3 4 3.066188e+03 1.999518e-10
3 4 4.247952e+03 1.211834e-10
4 4 1.177038e+02 2.027850e-08
4 4 1.630689e+02 1.381777e-08
4 4 2.259187e+02 8.951854e-09
4 4 3.129918e+02 5.679682e-09
4 4 4.336244e+02 3.609446e-09
4 4 6.007511e+02 2.320356e-09
4 4 8.322914e+02 1.519976e-09
4 4 1.153072e+03 1.010171e-09
4 4 1.597486e+03 6.728770e-10
4 4 2.213186e+03 4.426266e-10
4 4 3.066188e+03 2.837696e-10
4 4 4.247952e+03 1.757896e-10
