0 0 1.177038e+02 6.220621e-10
0 0 1.630689e+02 4.217975e-10
0 0 2.259187e+02 2.906931e-10
0 0 3.129918e+02 2.012225e-10
0 0 4.336244e+02 1.376856e-10
0 0 6.007511e+02 9.172501e-11
0 0 8.322914e+02 5.879711e-11
0 0 1.153072e+03 3.599845e-11
0 0 1.597486e+03 2.100685e-11
0 0 2.213186e+03 1.170797e-11
0 0 3.066188e+03 6.259961e-12
0 0 4.247952e+03 3.220977e-12
0 1 1.177038e+02 1.104368e-09
0 1 1.630689e+02 7.362504e-10
0 1 2.259187e+02 5.009657e-10
0 1 3.129918e+02 3.458651e-10
0 1 4.336244e+02 2.388579e-10
0 1 6.007511e+02 1.623251e-10
0 1 8.322914e+02 1.069278e-10
0 1 1.153072e+03 6.755563e-11
0 1 1.597486e+03 4.071917e-11
0 1 2.213186e+03 2.338722e-11
0 1 3.066188e+03 1.284096e-11
0 1 4.247952e+03 6.773190e-12
0 2 1.177038e+02 1.267464e-09
0 2 1.630689e+02 8.416720e-10
0 2 2.259187e+02 5.704587e-10
0 2 3.129918e+02 3.930767e-10
0 2 4.336244e+02 2.717253e-10
0 2 6.007511e+02 1.853443e-10
0 2 8.322914e+02 1.227979e-10
0 2 1.153072e+03 7.814113e-11
0 2 1.597486e+03 4.746386e-11
0 2 2.213186e+03 2.746172e-11
0 2 3.066188e+03 1.517740e-11
0 2 4.247952e+03 8.053855e-12
0 3 1.177038e+02 1.361923e-09
0 3 1.630689e+02 9.027623e-10
0 3 2.259187e+02 6.107411e-10
0 3 3.129918e+02 4.204165e-10
0 3 4.336244e+02 2.907567e-10
0 3 6.007511e+02 1.986699e-10
0 3 8.322914e+02 1.319902e-10
0 3 1.153072e+03 8.427166e-11
0 3 1.597486e+03 5.136934e-11
0 3 2.213186e+03 2.982235e-11
0 3 3.066188e+03 1.653071e-11
0 3 4.247952e+03 8.795612e-12
0 4 1.177038e+02 1.440600e-09
0 4 1.630689e+02 9.535953e-10
0 4 2.259187e+02 6.441995e-10
0 4 3.129918e+02 4.431701e-10
0 4 4.336244e+02 3.065971e-10
0 4 6.007511e+02 2.097655e-10
0 4 8.322914e+02 1.396507e-10
0 4 1.153072e+03 8.938196e-11
0 4 1.597486e+03 5.462790e-11
0 4 2.213186e+03 3.179221e-11
0 4 3.066188e+03 1.766092e-11
0 4 4.247952e+03 9.415279e-12
1 1 1.177038e+02 2.801510e-09
1 1 1.630689e+02 1.826132e-09
1 1 2.259187e+02 1.205188e-09
1 1 3.129918e+02 8.133979e-10
1 1 4.336244e+02 5.584659e-10
1 1 6.007511e+02 3.847287e-10
1 1 8.322914e+02 2.614552e-10
1 1 1.153072e+03 1.725497e-10
1 1 1.597486e+03 1.094217e-10
1 1 2.213186e+03 6.623971e-11
1 1 3.066188e+03 3.821338e-11
1 1 4.247952e+03 2.108994e-11
1 2 1.177038e+02 3.785741e-09
1 2 1.630689e+02 2.452264e-09
1 2 2.259187e+02 1.603588e-09
1 2 3.129918e+02 1.070103e-09
1 2 4.336244e+02 7.288136e-10
1 2 6.007511e+02 5.012061e-10
1 2 8.322914e+02 3.423791e-10
1 2 1.153072e+03 2.284634e-10
1 2 1.597486e+03 1.470940e-10
1 2 2.213186e+03 9.063205e-11
1 2 3.066188e+03 5.324667e-11
1 2 4.247952e+03 2.989438e-11
1 3 1.177038e+02 4.379463e-09
1 3 1.630689e+02 2.829852e-09
1 3 2.259187e+02 1.843958e-09
1 3 3.129918e+02 1.224651e-09
1 3 4.336244e+02 8.310646e-10
1 3 6.007511e+02 5.709420e-10
1 3 8.322914e+02 3.907496e-10
1 3 1.153072e+03 2.618748e-10
1 3 1.597486e+03 1.696348e-10
1 3 2.213186e+03 1.052628e-10
1 3 3.066188e+03 6.229052e-11
1 3 4.247952e+03 3.521224e-11
1 4 1.177038e+02 4.877998e-09
1 4 1.630689e+02 3.146950e-09
1 4 2.259187e+02 2.045764e-09
1 4 3.129918e+02 1.354310e-09
1 4 4.336244e+02 9.168803e-10
1 4 6.007511e+02 6.294577e-10
1 4 8.322914e+02 4.313307e-10
1 4 1.153072e+03 2.899192e-10
1 4 1.597486e+03 1.885605e-10
1 4 2.213186e+03 1.175530e-10
1 4 3.066188e+03 6.988850e-11
1 4 4.247952e+03 3.968167e-11
2 2 1.177038e+02 6.025132e-09
2 2 1.630689e+02 3.881099e-09
2 2 2.259187e+02 2.510996e-09
2 2 3.129918e+02 1.641561e-09
2 2 4.336244e+02 1.097141e-09
2 2 6.007511e+02 7.461453e-10
2 2 8.322914e+02 5.098157e-10
2 2 1.153072e+03 3.441512e-10
2 2 1.597486e+03 2.262261e-10
2 2 2.213186e+03 1.432338e-10
2 2 3.066188e+03 8.677523e-11
2 2 4.247952e+03 5.025812e-11
2 3 1.177038e+02 7.681293e-09
2 3 1.630689e+02 4.958891e-09
2 3 2.259187e+02 3.191957e-09
2 3 3.129918e+02 2.069429e-09
2 3 4.336244e+02 1.369386e-09
2 3 6.007511e+02 9.242524e-10
2 3 8.322914e+02 6.298290e-10
2 3 1.153072e+03 4.264767e-10
2 3 1.597486e+03 2.825572e-10
2 3 2.213186e+03 1.809766e-10
2 3 3.066188e+03 1.111532e-10
2 3 4.247952e+03 6.531577e-11
2 4 1.177038e+02 9.099652e-09
2 4 1.630689e+02 5.884733e-09
2 4 2.259187e+02 3.776705e-09
2 4 3.129918e+02 2.436967e-09
2 4 4.336244e+02 1.602924e-09
2 4 6.007511e+02 1.076790e-09
2 4 8.322914e+02 7.325898e-10
2 4 1.153072e+03 4.967966e-10
2 4 1.597486e+03 3.306543e-10
2 4 2.213186e+03 2.132085e-10
2 4 3.066188e+03 1.319984e-10
2 4 4.247952e+03 7.821323e-11
3 3 1.177038e+02 1.085831e-08
3 3 1.630689e+02 7.117688e-09
3 3 2.259187e+02 4.550923e-09
3 3 3.129918e+02 2.924704e-09
3 3 4.336244e+02 1.901742e-09
3 3 6.007511e+02 1.262732e-09
3 3 8.322914e+02 8.518099e-10
3 3 1.153072e+03 5.758959e-10
3 3 1.597486e+03 3.843490e-10
3 3 2.213186e+03 2.497835e-10
3 3 3.066188e+03 1.565059e-10
3 3 4.247952e+03 9.412141e-11
3 4 1.177038e+02 1.396731e-08
3 4 1.630689e+02 9.270886e-09
3 4 2.259187e+02 5.921613e-09
3 4 3.129918e+02 3.785975e-09
3 4 4.336244e+02 2.435375e-09
3 4 6.007511e+02 1.598742e-09
3 4 8.322914e+02 1.069151e-09
3 4 1.153072e+03 7.204916e-10
3 4 1.597486e+03 4.821100e-10
3 4 2.213186e+03 3.157604e-10
3 4 3.066188e+03 2.001657e-10
3 4 4.247952e+03 1.220782e-10
4 4 1.177038e+02 2.027633e-08
4 4 1.630689e+02 1.381503e-08
4 4 2.259187e+02 8.948550e-09
4 4 3.129918e+02 5.675879e-09
4 4 4.336244e+02 3.605383e-09
4 4 6.007511e+02 2.316338e-09
4 4 8.322914e+02 1.516232e-09
4 4 1.153072e+03 1.007070e-09
4 4 1.597486e+03 6.705850e-10
4 4 2.213186e+03 4.414232e-10
4 4 3.066188e+03 2.837073e-10
4 4 4.247952e+03 1.765888e-10
