0 0 1.177038e+02 6.213170e-10
0 0 1.630689e+02 4.209627e-10
0 0 2.259187e+02 2.898287e-10
0 0 3.129918e+02 2.003991e-10
0 0 4.336244e+02 1.368878e-10
0 0 6.007511e+02 9.098978e-11
0 0 8.322914e+02 5.815048e-11
0 0 1.153072e+03 3.546336e-11
0 0 1.597486e+03 2.059607e-11
0 0 2.213186e+03 1.142350e-11
0 0 3.066188e+03 6.086876e-12
0 0 4.247952e+03 3.134983e-12
0 1 1.177038e+02 1.103487e-09
0 1 1.630689e+02 7.352237e-10
0 1 2.259187e+02 4.998485e-10
0 1 3.129918e+02 3.447356e-10
0 1 4.336244e+02 2.377704e-10
0 1 6.007511e+02 1.612928e-10
0 1 8.322914e+02 1.059755e-10
0 1 1.153072e+03 6.672827e-11
0 1 1.597486e+03 4.003199e-11
0 1 2.213186e+03 2.286534e-11
0 1 3.066188e+03 1.248780e-11
0 1 4.247952e+03 6.567507e-12
0 2 1.177038e+02 1.266559e-09
0 2 1.630689e+02 8.406714e-10
0 2 2.259187e+02 5.692800e-10
0 2 3.129918e+02 3.918607e-10
0 2 4.336244e+02 2.705522e-10
0 2 6.007511e+02 1.842253e-10
0 2 8.322914e+02 1.217650e-10
0 2 1.153072e+03 7.722937e-11
0 2 1.597486e+03 4.669257e-11
0 2 2.213186e+03 2.686577e-11
0 2 3.066188e+03 1.476392e-11
0 2 4.247952e+03 7.805161e-12
0 3 1.177038e+02 1.360998e-09
0 3 1.630689e+02 9.016642e-10
0 3 2.259187e+02 6.094908e-10
0 3 3.129918e+02 4.191544e-10
0 3 4.336244e+02 2.895321e-10
0 3 6.007511e+02 1.975040e-10
0 3 8.322914e+02 1.309080e-10
0 3 1.153072e+03 8.331152e-11
0 3 1.597486e+03 5.055002e-11
0 3 2.213186e+03 2.918257e-11
0 3 3.066188e+03 1.608234e-11
0 3 4.247952e+03 8.522046e-12
0 4 1.177038e+02 1.439662e-09
0 4 1.630689e+02 9.524793e-10
0 4 2.259187e+02 6.429493e-10
0 4 3.129918e+02 4.418666e-10
0 4 4.336244e+02 3.053363e-10
0 4 6.007511e+02 2.085596e-10
0 4 8.322914e+02 1.385258e-10
0 4 1.153072e+03 8.838167e-11
0 4 1.597486e+03 5.376815e-11
0 4 2.213186e+03 3.111637e-11
0 4 3.066188e+03 1.718335e-11
0 4 4.247952e+03 9.120926e-12
1 1 1.177038e+02 2.800458e-09
1 1 1.630689e+02 1.824831e-09
1 1 2.259187e+02 1.203642e-09
1 1 3.129918e+02 8.116849e-10
1 1 4.336244e+02 5.566956e-10
1 1 6.007511e+02 3.830455e-10
1 1 8.322914e+02 2.598163e-10
1 1 1.153072e+03 1.710347e-10
1 1 1.597486e+03 1.080503e-10
1 1 2.213186e+03 6.505583e-11
1 1 3.066188e+03 3.728674e-11
1 1 4.247952e+03 2.044167e-11
1 2 1.177038e+02 3.784656e-09
1 2 1.630689e+02 2.450896e-09
1 2 2.259187e+02 1.601922e-09
1 2 3.129918e+02 1.068163e-09
1 2 4.336244e+02 7.268084e-10
1 2 6.007511e+02 4.992658e-10
1 2 8.322914e+02 3.404701e-10
1 2 1.153072e+03 2.266782e-10
1 2 1.597486e+03 1.454521e-10
1 2 2.213186e+03 8.915808e-11
1 2 3.066188e+03 5.203811e-11
1 2 4.247952e+03 2.900752e-11
1 3 1.177038e+02 4.378356e-09
1 3 1.630689e+02 2.828440e-09
1 3 2.259187e+02 1.842222e-09
1 3 3.129918e+02 1.222622e-09
1 3 4.336244e+02 8.289317e-10
1 3 6.007511e+02 5.688578e-10
1 3 8.322914e+02 3.886757e-10
1 3 1.153072e+03 2.599324e-10
1 3 1.597486e+03 1.678341e-10
1 3 2.213186e+03 1.036148e-10
1 3 3.066188e+03 6.091588e-11
1 3 4.247952e+03 3.418164e-11
1 4 1.177038e+02 4.876871e-09
1 4 1.630689e+02 3.145460e-09
1 4 2.259187e+02 2.043972e-09
1 4 3.129918e+02 1.352211e-09
1 4 4.336244e+02 9.146215e-10
1 4 6.007511e+02 6.272450e-10
1 4 8.322914e+02 4.291339e-10
1 4 1.153072e+03 2.878424e-10
1 4 1.597486e+03 1.866106e-10
1 4 2.213186e+03 1.157571e-10
1 4 3.066188e+03 6.837327e-11
1 4 4.247952e+03 3.853123e-11
2 2 1.177038e+02 6.024008e-09
2 2 1.630689e+02 3.879691e-09
2 2 2.259187e+02 2.509184e-09
2 2 3.129918e+02 1.639425e-09
2 2 4.336244e+02 1.094816e-09
2 2 6.007511e+02 7.437619e-10
2 2 8.322914e+02 5.074837e-10
2 2 1.153072e+03 3.419213e-10
2 2 1.597486e+03 2.241043e-10
2 2 2.213186e+03 1.412428e-10
2 2 3.066188e+03 8.504258e-11
2 2 4.247952e+03 4.888930e-11
2 3 1.177038e+02 7.680143e-09
2 3 1.630689e+02 4.957424e-09
2 3 2.259187e+02 3.190068e-09
2 3 3.129918e+02 2.067159e-09
2 3 4.336244e+02 1.366825e-09
2 3 6.007511e+02 9.215904e-10
2 3 8.322914e+02 6.272399e-10
2 3 1.153072e+03 4.239515e-10
2 3 1.597486e+03 2.801248e-10
2 3 2.213186e+03 1.786418e-10
2 3 3.066188e+03 1.090645e-10
2 3 4.247952e+03 6.361827e-11
2 4 1.177038e+02 9.098484e-09
2 4 1.630689e+02 5.883259e-09
2 4 2.259187e+02 3.774772e-09
2 4 3.129918e+02 2.434585e-09
2 4 4.336244e+02 1.600185e-09
2 4 6.007511e+02 1.073875e-09
2 4 8.322914e+02 7.296415e-10
2 4 1.153072e+03 4.940167e-10
2 4 1.597486e+03 3.279557e-10
2 4 2.213186e+03 2.105876e-10
2 4 3.066188e+03 1.296140e-10
2 4 4.247952e+03 7.623741e-11
3 3 1.177038e+02 1.085714e-08
3 3 1.630689e+02 7.116149e-09
3 3 2.259187e+02 4.548976e-09
3 3 3.129918e+02 2.922275e-09
3 3 4.336244e+02 1.898927e-09
3 3 6.007511e+02 1.259674e-09
3 3 8.322914e+02 8.487977e-10
3 3 1.153072e+03 5.729308e-10
3 3 1.597486e+03 3.814142e-10
3 3 2.213186e+03 2.469466e-10
3 3 3.066188e+03 1.538631e-10
3 3 4.247952e+03 9.187721e-11
3 4 1.177038e+02 1.396611e-08
3 4 1.630689e+02 9.269236e-09
3 4 2.259187e+02 5.919600e-09
3 4 3.129918e+02 3.783434e-09
3 4 4.336244e+02 2.432352e-09
3 4 6.007511e+02 1.595363e-09
3 4 8.322914e+02 1.065626e-09
3 4 1.153072e+03 7.171182e-10
3 4 1.597486e+03 4.787537e-10
3 4 2.213186e+03 3.124524e-10
3 4 3.066188e+03 1.970115e-10
3 4 4.247952e+03 1.193356e-10
4 4 1.177038e+02 2.027515e-08
4 4 1.630689e+02 1.381343e-08
4 4 2.259187e+02 8.946491e-09
4 4 3.129918e+02 5.673159e-09
4 4 4.336244e+02 3.602123e-09
4 4 6.007511e+02 2.312633e-09
4 4 8.322914e+02 1.512353e-09
4 4 1.153072e+03 1.003025e-09
4 4 1.597486e+03 6.666024e-10
4 4 2.213186e+03 4.373745e-10
4 4 3.066188e+03 2.797568e-10
4 4 4.247952e+03 1.730358e-10
