0 0 1.177038e+02 6.194726e-10
0 0 1.630689e+02 4.187711e-10
0 0 2.259187e+02 2.873381e-10
0 0 3.129918e+02 1.977064e-10
0 0 4.336244e+02 1.341660e-10
0 0 6.007511e+02 8.838875e-11
0 0 8.322914e+02 5.582974e-11
0 0 1.153072e+03 3.355472e-11
0 0 1.597486e+03 1.916539e-11
0 0 2.213186e+03 1.046789e-11
0 0 3.066188e+03 5.539836e-12
0 0 4.247952e+03 2.885078e-12
0 1 1.177038e+02 1.101443e-09
0 1 1.630689e+02 7.327649e-10
0 1 2.259187e+02 4.969169e-10
0 1 3.129918e+02 3.413604e-10
0 1 4.336244e+02 2.341684e-10
0 1 6.007511e+02 1.576155e-10
0 1 8.322914e+02 1.024945e-10
0 1 1.153072e+03 6.366706e-11
0 1 1.597486e+03 3.755949e-11
0 1 2.213186e+03 2.106333e-11
0 1 3.066188e+03 1.133781e-11
0 1 4.247952e+03 5.952771e-12
0 2 1.177038e+02 1.264477e-09
0 2 1.630689e+02 8.380804e-10
0 2 2.259187e+02 5.662553e-10
0 2 3.129918e+02 3.883419e-10
0 2 4.336244e+02 2.667215e-10
0 2 6.007511e+02 1.802662e-10
0 2 8.322914e+02 1.179549e-10
0 2 1.153072e+03 7.383194e-11
0 2 1.597486e+03 4.389660e-11
0 2 2.213186e+03 2.478783e-11
0 2 3.066188e+03 1.340750e-11
0 2 4.247952e+03 7.056856e-12
0 3 1.177038e+02 1.358914e-09
0 3 1.630689e+02 8.990802e-10
0 3 2.259187e+02 6.064076e-10
0 3 3.129918e+02 4.155476e-10
0 3 4.336244e+02 2.855735e-10
0 3 6.007511e+02 1.933825e-10
0 3 8.322914e+02 1.269104e-10
0 3 1.153072e+03 7.971675e-11
0 3 1.597486e+03 4.756721e-11
0 3 2.213186e+03 2.694459e-11
0 3 3.066188e+03 1.460614e-11
0 3 4.247952e+03 7.696168e-12
0 4 1.177038e+02 1.437550e-09
0 4 1.630689e+02 9.498648e-10
0 4 2.259187e+02 6.398263e-10
0 4 3.129918e+02 4.381818e-10
0 4 4.336244e+02 3.012675e-10
0 4 6.007511e+02 2.043045e-10
0 4 8.322914e+02 1.343698e-10
0 4 1.153072e+03 8.462397e-11
0 4 1.597486e+03 5.063003e-11
0 4 2.213186e+03 2.874567e-11
0 4 3.066188e+03 1.560718e-11
0 4 4.247952e+03 8.230337e-12
1 1 1.177038e+02 2.798257e-09
1 1 1.630689e+02 1.821986e-09
1 1 2.259187e+02 1.200184e-09
1 1 3.129918e+02 8.074629e-10
1 1 4.336244e+02 5.517946e-10
1 1 6.007511e+02 3.774976e-10
1 1 8.322914e+02 2.538662e-10
1 1 1.153072e+03 1.652398e-10
1 1 1.597486e+03 1.028046e-10
1 1 2.213186e+03 6.072839e-11
1 1 3.066188e+03 3.409165e-11
1 1 4.247952e+03 1.838416e-11
1 2 1.177038e+02 3.782407e-09
1 2 1.630689e+02 2.447982e-09
1 2 2.259187e+02 1.598353e-09
1 2 3.129918e+02 1.063892e-09
1 2 4.336244e+02 7.218764e-10
1 2 6.007511e+02 4.933818e-10
1 2 8.322914e+02 3.337526e-10
1 2 1.153072e+03 2.198338e-10
1 2 1.597486e+03 1.390404e-10
1 2 2.213186e+03 8.363819e-11
1 2 3.066188e+03 4.778419e-11
1 2 4.247952e+03 2.612310e-11
1 3 1.177038e+02 4.376096e-09
1 3 1.630689e+02 2.825479e-09
1 3 2.259187e+02 1.838616e-09
1 3 3.129918e+02 1.218167e-09
1 3 4.336244e+02 8.239407e-10
1 3 6.007511e+02 5.627756e-10
1 3 8.322914e+02 3.815193e-10
1 3 1.153072e+03 2.524818e-10
1 3 1.597486e+03 1.607338e-10
1 3 2.213186e+03 9.739009e-11
1 3 3.066188e+03 5.603121e-11
1 3 4.247952e+03 3.080284e-11
1 4 1.177038e+02 4.874607e-09
1 4 1.630689e+02 3.142467e-09
1 4 2.259187e+02 2.040313e-09
1 4 3.129918e+02 1.347714e-09
1 4 4.336244e+02 9.096114e-10
1 4 6.007511e+02 6.210331e-10
1 4 8.322914e+02 4.216136e-10
1 4 1.153072e+03 2.798915e-10
1 4 1.597486e+03 1.789510e-10
1 4 2.213186e+03 1.089415e-10
1 4 3.066188e+03 6.296467e-11
1 4 4.247952e+03 3.473722e-11
2 2 1.177038e+02 6.021731e-09
2 2 1.630689e+02 3.876713e-09
2 2 2.259187e+02 2.505544e-09
2 2 3.129918e+02 1.635019e-09
2 2 4.336244e+02 1.090144e-09
2 2 6.007511e+02 7.383673e-10
2 2 8.322914e+02 5.000875e-10
2 2 1.153072e+03 3.336253e-10
2 2 1.597486e+03 2.158395e-10
2 2 2.213186e+03 1.336259e-10
2 2 3.066188e+03 7.873979e-11
2 2 4.247952e+03 4.427303e-11
2 3 1.177038e+02 7.677889e-09
2 3 1.630689e+02 4.954499e-09
2 3 2.259187e+02 3.186361e-09
2 3 3.129918e+02 2.062685e-09
2 3 4.336244e+02 1.362485e-09
2 3 6.007511e+02 9.169121e-10
2 3 8.322914e+02 6.196067e-10
2 3 1.153072e+03 4.148224e-10
2 3 1.597486e+03 2.707167e-10
2 3 2.213186e+03 1.696732e-10
2 3 3.066188e+03 1.013795e-10
2 3 4.247952e+03 5.779006e-11
2 4 1.177038e+02 9.096179e-09
2 4 1.630689e+02 5.880288e-09
2 4 2.259187e+02 3.771205e-09
2 4 3.129918e+02 2.430120e-09
2 4 4.336244e+02 1.596061e-09
2 4 6.007511e+02 1.069772e-09
2 4 8.322914e+02 7.219295e-10
2 4 1.153072e+03 4.841952e-10
2 4 1.597486e+03 3.175822e-10
2 4 2.213186e+03 2.004898e-10
2 4 3.066188e+03 1.207526e-10
2 4 4.247952e+03 6.938462e-11
3 3 1.177038e+02 1.085473e-08
3 3 1.630689e+02 7.113163e-09
3 3 2.259187e+02 4.545182e-09
3 3 3.129918e+02 2.917771e-09
3 3 4.336244e+02 1.895077e-09
3 3 6.007511e+02 1.256613e-09
3 3 8.322914e+02 8.416029e-10
3 3 1.153072e+03 5.629383e-10
3 3 1.597486e+03 3.704946e-10
3 3 2.213186e+03 2.359988e-10
3 3 3.066188e+03 1.439750e-10
3 3 4.247952e+03 8.399467e-11
3 4 1.177038e+02 1.396379e-08
3 4 1.630689e+02 9.266170e-09
3 4 2.259187e+02 5.915658e-09
3 4 3.129918e+02 3.778896e-09
3 4 4.336244e+02 2.428749e-09
3 4 6.007511e+02 1.593673e-09
3 4 8.322914e+02 1.059430e-09
3 4 1.153072e+03 7.065379e-10
3 4 1.597486e+03 4.665345e-10
3 4 2.213186e+03 2.997881e-10
3 4 3.066188e+03 1.851409e-10
3 4 4.247952e+03 1.095505e-10
4 4 1.177038e+02 2.027290e-08
4 4 1.630689e+02 1.381056e-08
4 4 2.259187e+02 8.942617e-09
4 4 3.129918e+02 5.668504e-09
4 4 4.336244e+02 3.599126e-09
4 4 6.007511e+02 2.312899e-09
4 4 8.322914e+02 1.508333e-09
4 4 1.153072e+03 9.925511e-10
4 4 1.597486e+03 6.529475e-10
4 4 2.213186e+03 4.224215e-10
4 4 3.066188e+03 2.649079e-10
4 4 4.247952e+03 1.601563e-10
