0 0 1.177038e+02 6.197662e-10
0 0 1.630689e+02 4.192394e-10
0 0 2.259187e+02 2.880058e-10
0 0 3.129918e+02 1.985895e-10
0 0 4.336244e+02 1.351843e-10
0 0 6.007511e+02 8.944492e-11
0 0 8.322914e+02 5.682183e-11
0 0 1.153072e+03 3.440508e-11
0 0 1.597486e+03 1.982140e-11
0 0 2.213186e+03 1.091460e-11
0 0 3.066188e+03 5.797504e-12
0 0 4.247952e+03 3.002231e-12
0 1 1.177038e+02 1.101710e-09
0 1 1.630689e+02 7.331481e-10
0 1 2.259187e+02 4.975026e-10
0 1 3.129918e+02 3.422898e-10
0 1 4.336244e+02 2.353718e-10
0 1 6.007511e+02 1.590156e-10
0 1 8.322914e+02 1.039346e-10
0 1 1.153072e+03 6.500111e-11
0 1 1.597486e+03 3.867872e-11
0 1 2.213186e+03 2.190104e-11
0 1 3.066188e+03 1.187929e-11
0 1 4.247952e+03 6.241793e-12
0 2 1.177038e+02 1.264734e-09
0 2 1.630689e+02 8.384564e-10
0 2 2.259187e+02 5.668276e-10
0 2 3.129918e+02 3.892446e-10
0 2 4.336244e+02 2.679608e-10
0 2 6.007511e+02 1.817446e-10
0 2 8.322914e+02 1.195162e-10
0 2 1.153072e+03 7.530079e-11
0 2 1.597486e+03 4.515783e-11
0 2 2.213186e+03 2.575244e-11
0 2 3.066188e+03 1.404628e-11
0 2 4.247952e+03 7.409110e-12
0 3 1.177038e+02 1.359139e-09
0 3 1.630689e+02 8.994563e-10
0 3 2.259187e+02 6.069596e-10
0 3 3.129918e+02 4.164398e-10
0 3 4.336244e+02 2.868304e-10
0 3 6.007511e+02 1.949032e-10
0 3 8.322914e+02 1.285388e-10
0 3 1.153072e+03 8.126552e-11
0 3 1.597486e+03 4.891022e-11
0 3 2.213186e+03 2.798288e-11
0 3 3.066188e+03 1.530133e-11
0 3 4.247952e+03 8.085220e-12
0 4 1.177038e+02 1.437779e-09
0 4 1.630689e+02 9.502298e-10
0 4 2.259187e+02 6.403410e-10
0 4 3.129918e+02 4.390712e-10
0 4 4.336244e+02 3.025365e-10
0 4 6.007511e+02 2.058633e-10
0 4 8.322914e+02 1.360572e-10
0 4 1.153072e+03 8.623883e-11
0 4 1.597486e+03 5.204111e-11
0 4 2.213186e+03 2.984478e-11
0 4 3.066188e+03 1.634942e-11
0 4 4.247952e+03 8.649958e-12
1 1 1.177038e+02 2.798406e-09
1 1 1.630689e+02 1.822215e-09
1 1 2.259187e+02 1.200415e-09
1 1 3.129918e+02 8.080495e-10
1 1 4.336244e+02 5.528610e-10
1 1 6.007511e+02 3.791872e-10
1 1 8.322914e+02 2.561205e-10
1 1 1.153072e+03 1.676235e-10
1 1 1.597486e+03 1.051086e-10
1 1 2.213186e+03 6.271495e-11
1 1 3.066188e+03 3.559562e-11
1 1 4.247952e+03 1.936219e-11
1 2 1.177038e+02 3.782511e-09
1 2 1.630689e+02 2.448157e-09
1 2 2.259187e+02 1.598527e-09
1 2 3.129918e+02 1.064181e-09
1 2 4.336244e+02 7.224837e-10
1 2 6.007511e+02 4.948019e-10
1 2 8.322914e+02 3.361295e-10
1 2 1.153072e+03 2.225674e-10
1 2 1.597486e+03 1.418095e-10
1 2 2.213186e+03 8.616422e-11
1 2 3.066188e+03 4.978929e-11
1 2 4.247952e+03 2.750079e-11
1 3 1.177038e+02 4.376180e-09
1 3 1.630689e+02 2.825630e-09
1 3 2.259187e+02 1.838695e-09
1 3 3.129918e+02 1.218394e-09
1 3 4.336244e+02 8.242864e-10
1 3 6.007511e+02 5.640568e-10
1 3 8.322914e+02 3.839641e-10
1 3 1.153072e+03 2.554232e-10
1 3 1.597486e+03 1.637874e-10
1 3 2.213186e+03 1.002360e-10
1 3 3.066188e+03 5.833455e-11
1 3 4.247952e+03 3.241966e-11
1 4 1.177038e+02 4.874672e-09
1 4 1.630689e+02 3.142578e-09
1 4 2.259187e+02 2.040327e-09
1 4 3.129918e+02 1.347818e-09
1 4 4.336244e+02 9.097383e-10
1 4 6.007511e+02 6.221541e-10
1 4 8.322914e+02 4.241052e-10
1 4 1.153072e+03 2.829896e-10
1 4 1.597486e+03 1.822207e-10
1 4 2.213186e+03 1.120562e-10
1 4 3.066188e+03 6.551585e-11
1 4 4.247952e+03 3.655527e-11
2 2 1.177038e+02 6.021795e-09
2 2 1.630689e+02 3.876822e-09
2 2 2.259187e+02 2.505473e-09
2 2 3.129918e+02 1.634988e-09
2 2 4.336244e+02 1.089736e-09
2 2 6.007511e+02 7.384208e-10
2 2 8.322914e+02 5.021033e-10
2 2 1.153072e+03 3.367029e-10
2 2 1.597486e+03 2.192889e-10
2 2 2.213186e+03 1.370941e-10
2 2 3.066188e+03 8.172882e-11
2 2 4.247952e+03 4.650298e-11
2 3 1.177038e+02 7.677889e-09
2 3 1.630689e+02 4.954486e-09
2 3 2.259187e+02 3.186207e-09
2 3 3.129918e+02 2.062471e-09
2 3 4.336244e+02 1.361361e-09
2 3 6.007511e+02 9.156970e-10
2 3 8.322914e+02 6.212402e-10
2 3 1.153072e+03 4.180266e-10
2 3 1.597486e+03 2.745528e-10
2 3 2.213186e+03 1.737343e-10
2 3 3.066188e+03 1.050272e-10
2 3 4.247952e+03 6.062465e-11
2 4 1.177038e+02 9.096198e-09
2 4 1.630689e+02 5.880233e-09
2 4 2.259187e+02 3.770845e-09
2 4 3.129918e+02 2.429682e-09
2 4 4.336244e+02 1.594392e-09
2 4 6.007511e+02 1.067518e-09
2 4 8.322914e+02 7.232260e-10
2 4 1.153072e+03 4.874998e-10
2 4 1.597486e+03 3.217486e-10
2 4 2.213186e+03 2.050402e-10
2 4 3.066188e+03 1.249630e-10
2 4 4.247952e+03 7.272395e-11
3 3 1.177038e+02 1.085485e-08
3 3 1.630689e+02 7.113092e-09
3 3 2.259187e+02 4.545039e-09
3 3 3.129918e+02 2.917293e-09
3 3 4.336244e+02 1.893007e-09
3 3 6.007511e+02 1.253096e-09
3 3 8.322914e+02 8.419082e-10
3 3 1.153072e+03 5.659922e-10
3 3 1.597486e+03 3.747845e-10
3 3 2.213186e+03 2.409000e-10
3 3 3.066188e+03 1.486863e-10
3 3 4.247952e+03 8.786797e-11
3 4 1.177038e+02 1.396379e-08
3 4 1.630689e+02 9.266131e-09
3 4 2.259187e+02 5.915541e-09
3 4 3.129918e+02 3.778236e-09
3 4 4.336244e+02 2.426032e-09
3 4 6.007511e+02 1.588178e-09
3 4 8.322914e+02 1.058115e-09
3 4 1.153072e+03 7.093376e-10
3 4 1.597486e+03 4.711728e-10
3 4 2.213186e+03 3.054159e-10
3 4 3.066188e+03 1.908383e-10
3 4 4.247952e+03 1.143969e-10
4 4 1.177038e+02 2.027298e-08
4 4 1.630689e+02 1.381027e-08
4 4 2.259187e+02 8.942277e-09
4 4 3.129918e+02 5.667659e-09
4 4 4.336244e+02 3.595486e-09
4 4 6.007511e+02 2.304775e-09
4 4 8.322914e+02 1.503643e-09
4 4 1.153072e+03 9.940445e-10
4 4 1.597486e+03 6.576952e-10
4 4 2.213186e+03 4.288771e-10
4 4 3.066188e+03 2.720733e-10
4 4 4.247952e+03 1.666191e-10
