0 0 1.177038e+02 6.119775e-10
0 0 1.630689e+02 4.103768e-10
0 0 2.259187e+02 2.786457e-10
0 0 3.129918e+02 1.893348e-10
0 0 4.336244e+02 1.266316e-10
0 0 6.007511e+02 8.203947e-11
0 0 8.322914e+02 5.085875e-11
0 0 1.153072e+03 2.999326e-11
0 0 1.597486e+03 1.685267e-11
0 0 2.213186e+03 9.125104e-12
0 0 3.066188e+03 4.862606e-12
0 0 4.247952e+03 2.608448e-12
0 1 1.177038e+02 1.092733e-09
0 1 1.630689e+02 7.223524e-10
0 1 2.259187e+02 4.853694e-10
0 1 3.129918e+02 3.296252e-10
0 1 4.336244e+02 2.230830e-10
0 1 6.007511e+02 1.478091e-10
0 1 8.322914e+02 9.439354e-11
0 1 1.153072e+03 5.749494e-11
0 1 1.597486e+03 3.328791e-11
0 1 2.213186e+03 1.840239e-11
0 1 3.066188e+03 9.865378e-12
0 1 4.247952e+03 5.261826e-12
0 2 1.177038e+02 1.255504e-09
0 2 1.630689e+02 8.272214e-10
0 2 2.259187e+02 5.539550e-10
0 2 3.129918e+02 3.756847e-10
0 2 4.336244e+02 2.546350e-10
0 2 6.007511e+02 1.694453e-10
0 2 8.322914e+02 1.089061e-10
0 2 1.153072e+03 6.683741e-11
0 2 1.597486e+03 3.898899e-11
0 2 2.213186e+03 2.168284e-11
0 2 3.066188e+03 1.165565e-11
0 2 4.247952e+03 6.211817e-12
0 3 1.177038e+02 1.349766e-09
0 3 1.630689e+02 8.879414e-10
0 3 2.259187e+02 5.936869e-10
0 3 3.129918e+02 4.023455e-10
0 3 4.336244e+02 2.728972e-10
0 3 6.007511e+02 1.819755e-10
0 3 8.322914e+02 1.173112e-10
0 3 1.153072e+03 7.224738e-11
0 3 1.597486e+03 4.229048e-11
0 3 2.213186e+03 2.358279e-11
0 3 3.066188e+03 1.269255e-11
0 3 4.247952e+03 6.761966e-12
0 4 1.177038e+02 1.428300e-09
0 4 1.630689e+02 9.384904e-10
0 4 2.259187e+02 6.267713e-10
0 4 3.129918e+02 4.245498e-10
0 4 4.336244e+02 2.881118e-10
0 4 6.007511e+02 1.924091e-10
0 4 8.322914e+02 1.243166e-10
0 4 1.153072e+03 7.675961e-11
0 4 1.597486e+03 4.504544e-11
0 4 2.213186e+03 2.516878e-11
0 4 3.066188e+03 1.355839e-11
0 4 4.247952e+03 7.221476e-12
1 1 1.177038e+02 2.787853e-09
1 1 1.630689e+02 1.808726e-09
1 1 2.259187e+02 1.183868e-09
1 1 3.129918e+02 7.889541e-10
1 1 4.336244e+02 5.326130e-10
1 1 6.007511e+02 3.592623e-10
1 1 8.322914e+02 2.377206e-10
1 1 1.153072e+03 1.518157e-10
1 1 1.597486e+03 9.259582e-11
1 1 2.213186e+03 5.371726e-11
1 1 3.066188e+03 2.973862e-11
1 1 4.247952e+03 1.598814e-11
1 2 1.177038e+02 3.771646e-09
1 2 1.630689e+02 2.434042e-09
1 2 2.259187e+02 1.580903e-09
1 2 3.129918e+02 1.043159e-09
1 2 4.336244e+02 6.993462e-10
1 2 6.007511e+02 4.715774e-10
1 2 8.322914e+02 3.141627e-10
1 2 1.153072e+03 2.031570e-10
1 2 1.597486e+03 1.259586e-10
1 2 2.213186e+03 7.440127e-11
1 2 3.066188e+03 4.186033e-11
1 2 4.247952e+03 2.272563e-11
1 3 1.177038e+02 4.365118e-09
1 3 1.630689e+02 2.811135e-09
1 3 2.259187e+02 1.820428e-09
1 3 3.129918e+02 1.196215e-09
1 3 4.336244e+02 7.995461e-10
1 3 6.007511e+02 5.388755e-10
1 3 8.322914e+02 3.598795e-10
1 3 1.153072e+03 2.338785e-10
1 3 1.597486e+03 1.459547e-10
1 3 2.213186e+03 8.683063e-11
1 3 3.066188e+03 4.917255e-11
1 3 4.247952e+03 2.680693e-11
1 4 1.177038e+02 4.863582e-09
1 4 1.630689e+02 3.127905e-09
1 4 2.259187e+02 2.021492e-09
1 4 3.129918e+02 1.324781e-09
1 4 4.336244e+02 8.836331e-10
1 4 6.007511e+02 5.953473e-10
1 4 8.322914e+02 3.982597e-10
1 4 1.153072e+03 2.596774e-10
1 4 1.597486e+03 1.627483e-10
1 4 2.213186e+03 9.727644e-11
1 4 3.066188e+03 5.531924e-11
1 4 4.247952e+03 3.023725e-11
2 2 1.177038e+02 6.010617e-09
2 2 1.630689e+02 3.862126e-09
2 2 2.259187e+02 2.486508e-09
2 2 3.129918e+02 1.611670e-09
2 2 4.336244e+02 1.062781e-09
2 2 6.007511e+02 7.100227e-10
2 2 8.322914e+02 4.744099e-10
2 2 1.153072e+03 3.112176e-10
2 2 1.597486e+03 1.975130e-10
2 2 2.213186e+03 1.200925e-10
2 2 3.066188e+03 6.964910e-11
2 2 4.247952e+03 3.874397e-11
2 3 1.177038e+02 7.666559e-09
2 3 1.630689e+02 4.939458e-09
2 3 2.259187e+02 3.166490e-09
2 3 3.129918e+02 2.037757e-09
2 3 4.336244e+02 1.332239e-09
2 3 6.007511e+02 8.841904e-10
2 3 8.322914e+02 5.899121e-10
2 3 1.153072e+03 3.886806e-10
2 3 1.597486e+03 2.489234e-10
2 3 2.213186e+03 1.532322e-10
2 3 3.066188e+03 9.011154e-11
2 3 4.247952e+03 5.076526e-11
2 4 1.177038e+02 9.084630e-09
2 4 1.630689e+02 5.864923e-09
2 4 2.259187e+02 3.750417e-09
2 4 3.129918e+02 2.403827e-09
2 4 4.336244e+02 1.563277e-09
2 4 6.007511e+02 1.033361e-09
2 4 8.322914e+02 6.887261e-10
2 4 1.153072e+03 4.548893e-10
2 4 1.597486e+03 2.928538e-10
2 4 2.213186e+03 1.815706e-10
2 4 3.066188e+03 1.076350e-10
2 4 4.247952e+03 6.108031e-11
3 3 1.177038e+02 1.084318e-08
3 3 1.630689e+02 7.097612e-09
3 3 2.259187e+02 4.524423e-09
3 3 3.129918e+02 2.891049e-09
3 3 4.336244e+02 1.861232e-09
3 3 6.007511e+02 1.217521e-09
3 3 8.322914e+02 8.054266e-10
3 3 1.153072e+03 5.310932e-10
3 3 1.597486e+03 3.433906e-10
3 3 2.213186e+03 2.148814e-10
3 3 3.066188e+03 1.290726e-10
3 3 4.247952e+03 7.435664e-11
3 4 1.177038e+02 1.395177e-08
3 4 1.630689e+02 9.250120e-09
3 4 2.259187e+02 5.894307e-09
3 4 3.129918e+02 3.750796e-09
3 4 4.336244e+02 2.392029e-09
3 4 6.007511e+02 1.549198e-09
3 4 8.322914e+02 1.017211e-09
3 4 1.153072e+03 6.695655e-10
3 4 1.597486e+03 4.346768e-10
3 4 2.213186e+03 2.744538e-10
3 4 3.066188e+03 1.669122e-10
3 4 4.247952e+03 9.748600e-11
4 4 1.177038e+02 2.026088e-08
4 4 1.630689e+02 1.379395e-08
4 4 2.259187e+02 8.921128e-09
4 4 3.129918e+02 5.638835e-09
4 4 4.336244e+02 3.559147e-09
4 4 6.007511e+02 2.261671e-09
4 4 8.322914e+02 1.456998e-09
4 4 1.153072e+03 9.474772e-10
4 4 1.597486e+03 6.137401e-10
4 4 2.213186e+03 3.905154e-10
4 4 3.066188e+03 2.412764e-10
4 4 4.247952e+03 1.439621e-10
