0 0 1.177038e+02 6.174263e-10
0 0 1.630689e+02 4.166006e-10
0 0 2.259187e+02 2.851641e-10
0 0 3.129918e+02 1.957376e-10
0 0 4.336244e+02 1.325053e-10
0 0 6.007511e+02 8.707974e-11
0 0 8.322914e+02 5.487147e-11
0 0 1.153072e+03 3.290547e-11
0 0 1.597486e+03 1.876302e-11
0 0 2.213186e+03 1.024216e-11
0 0 3.066188e+03 5.427498e-12
0 0 4.247952e+03 2.839515e-12
0 1 1.177038e+02 1.099061e-09
0 1 1.630689e+02 7.300042e-10
0 1 2.259187e+02 4.939283e-10
0 1 3.129918e+02 3.385134e-10
0 1 4.336244e+02 2.316405e-10
0 1 6.007511e+02 1.555433e-10
0 1 8.322914e+02 1.009123e-10
0 1 1.153072e+03 6.254725e-11
0 1 1.597486e+03 3.683260e-11
0 1 2.213186e+03 2.063458e-11
0 1 3.066188e+03 1.110813e-11
0 1 4.247952e+03 5.846176e-12
0 2 1.177038e+02 1.262026e-09
0 2 1.630689e+02 8.352069e-10
0 2 2.259187e+02 5.630487e-10
0 2 3.129918e+02 3.852125e-10
0 2 4.336244e+02 2.639381e-10
0 2 6.007511e+02 1.779563e-10
0 2 8.322914e+02 1.161802e-10
0 2 1.153072e+03 7.256098e-11
0 2 1.597486e+03 4.306583e-11
0 2 2.213186e+03 2.429291e-11
0 2 3.066188e+03 1.313852e-11
0 2 4.247952e+03 6.928738e-12
0 3 1.177038e+02 1.356382e-09
0 3 1.630689e+02 8.960536e-10
0 3 2.259187e+02 6.031121e-10
0 3 3.129918e+02 4.122660e-10
0 3 4.336244e+02 2.826481e-10
0 3 6.007511e+02 1.909444e-10
0 3 8.322914e+02 1.250272e-10
0 3 1.153072e+03 7.835926e-11
0 3 1.597486e+03 4.667581e-11
0 3 2.213186e+03 2.641163e-11
0 3 3.066188e+03 1.431482e-11
0 3 4.247952e+03 7.555814e-12
0 4 1.177038e+02 1.434967e-09
0 4 1.630689e+02 9.467705e-10
0 4 2.259187e+02 6.364032e-10
0 4 3.129918e+02 4.347835e-10
0 4 4.336244e+02 2.982143e-10
0 4 6.007511e+02 2.017545e-10
0 4 8.322914e+02 1.323961e-10
0 4 1.153072e+03 8.319444e-11
0 4 1.597486e+03 4.968805e-11
0 4 2.213186e+03 2.818045e-11
0 4 3.066188e+03 1.529691e-11
0 4 4.247952e+03 8.079435e-12
1 1 1.177038e+02 2.795308e-09
1 1 1.630689e+02 1.818306e-09
1 1 2.259187e+02 1.195642e-09
1 1 3.129918e+02 8.025633e-10
1 1 4.336244e+02 5.469322e-10
1 1 6.007511e+02 3.732919e-10
1 1 8.322914e+02 2.505804e-10
1 1 1.153072e+03 1.627714e-10
1 1 1.597486e+03 1.011075e-10
1 1 2.213186e+03 5.967071e-11
1 1 3.066188e+03 3.348903e-11
1 1 4.247952e+03 1.806819e-11
1 2 1.177038e+02 3.779340e-09
1 2 1.630689e+02 2.444083e-09
1 2 2.259187e+02 1.593400e-09
1 2 3.129918e+02 1.058219e-09
1 2 4.336244e+02 7.158171e-10
1 2 6.007511e+02 4.880389e-10
1 2 8.322914e+02 3.296335e-10
1 2 1.153072e+03 2.167299e-10
1 2 1.597486e+03 1.368580e-10
1 2 2.213186e+03 8.228034e-11
1 2 3.066188e+03 4.700093e-11
1 2 4.247952e+03 2.570553e-11
1 3 1.177038e+02 4.372949e-09
1 3 1.630689e+02 2.821472e-09
1 3 2.259187e+02 1.833387e-09
1 3 3.129918e+02 1.212089e-09
1 3 4.336244e+02 8.172237e-10
1 3 6.007511e+02 5.568026e-10
1 3 8.322914e+02 3.768911e-10
1 3 1.153072e+03 2.490039e-10
1 3 1.597486e+03 1.582759e-10
1 3 2.213186e+03 9.585537e-11
1 3 3.066188e+03 5.514239e-11
1 3 4.247952e+03 3.032608e-11
1 4 1.177038e+02 4.871404e-09
1 4 1.630689e+02 3.138337e-09
1 4 2.259187e+02 2.034874e-09
1 4 3.129918e+02 1.341277e-09
1 4 4.336244e+02 9.023309e-10
1 4 6.007511e+02 6.144307e-10
1 4 8.322914e+02 4.165603e-10
1 4 1.153072e+03 2.760919e-10
1 4 1.597486e+03 1.762512e-10
1 4 2.213186e+03 1.072535e-10
1 4 3.066188e+03 6.198547e-11
1 4 4.247952e+03 3.421087e-11
2 2 1.177038e+02 6.018597e-09
2 2 1.630689e+02 3.872549e-09
2 2 2.259187e+02 2.500064e-09
2 2 3.129918e+02 1.628398e-09
2 2 4.336244e+02 1.082176e-09
2 2 6.007511e+02 7.303677e-10
2 2 8.322914e+02 4.941625e-10
2 2 1.153072e+03 3.292871e-10
2 2 1.597486e+03 2.127563e-10
2 2 2.213186e+03 1.317020e-10
2 2 3.066188e+03 7.764383e-11
2 2 4.247952e+03 4.369174e-11
2 3 1.177038e+02 7.674614e-09
2 3 1.630689e+02 4.950164e-09
2 3 2.259187e+02 3.180589e-09
2 3 3.129918e+02 2.055539e-09
2 3 4.336244e+02 1.353213e-09
2 3 6.007511e+02 9.068663e-10
2 3 8.322914e+02 6.123946e-10
2 3 1.153072e+03 4.096309e-10
2 3 1.597486e+03 2.670165e-10
2 3 2.213186e+03 1.673792e-10
2 3 3.066188e+03 1.000977e-10
2 3 4.247952e+03 5.711874e-11
2 4 1.177038e+02 9.092846e-09
2 4 1.630689e+02 5.875885e-09
2 4 2.259187e+02 3.765007e-09
2 4 3.129918e+02 2.422476e-09
2 4 4.336244e+02 1.585818e-09
2 4 6.007511e+02 1.058069e-09
2 4 8.322914e+02 7.134912e-10
2 4 1.153072e+03 4.782822e-10
2 4 1.597486e+03 3.133720e-10
2 4 2.213186e+03 1.978680e-10
2 4 3.066188e+03 1.193107e-10
2 4 4.247952e+03 6.863277e-11
3 3 1.177038e+02 1.085149e-08
3 3 1.630689e+02 7.108612e-09
3 3 2.259187e+02 4.539148e-09
3 3 3.129918e+02 2.909947e-09
3 3 4.336244e+02 1.884306e-09
3 3 6.007511e+02 1.243308e-09
3 3 8.322914e+02 8.318655e-10
3 3 1.153072e+03 5.562549e-10
3 3 1.597486e+03 3.658258e-10
3 3 2.213186e+03 2.331324e-10
3 3 3.066188e+03 1.424442e-10
3 3 4.247952e+03 8.323947e-11
3 4 1.177038e+02 1.396038e-08
3 4 1.630689e+02 9.261545e-09
3 4 2.259187e+02 5.909372e-09
3 4 3.129918e+02 3.770632e-09
3 4 4.336244e+02 2.416815e-09
3 4 6.007511e+02 1.577605e-09
3 4 8.322914e+02 1.047044e-09
3 4 1.153072e+03 6.984378e-10
3 4 1.597486e+03 4.609866e-10
3 4 2.213186e+03 2.963987e-10
3 4 3.066188e+03 1.834217e-10
3 4 4.247952e+03 1.087638e-10
4 4 1.177038e+02 2.026954e-08
4 4 1.630689e+02 1.380563e-08
4 4 2.259187e+02 8.936174e-09
4 4 3.129918e+02 5.659634e-09
4 4 4.336244e+02 3.585689e-09
4 4 6.007511e+02 2.293198e-09
4 4 8.322914e+02 1.491300e-09
4 4 1.153072e+03 9.816346e-10
4 4 1.597486e+03 6.458284e-10
4 4 2.213186e+03 4.182090e-10
4 4 3.066188e+03 2.629922e-10
4 4 4.247952e+03 1.594883e-10
