0 0 1.177038e+02 6.218417e-10
0 0 1.630689e+02 4.215462e-10
0 0 2.259187e+02 2.903823e-10
0 0 3.129918e+02 2.008880e-10
0 0 4.336244e+02 1.373412e-10
0 0 6.007511e+02 9.142135e-11
0 0 8.322914e+02 5.857296e-11
0 0 1.153072e+03 3.587912e-11
0 0 1.597486e+03 2.098172e-11
0 0 2.213186e+03 1.174504e-11
0 0 3.066188e+03 6.315458e-12
0 0 4.247952e+03 3.262572e-12
0 1 1.177038e+02 1.104133e-09
0 1 1.630689e+02 7.359752e-10
0 1 2.259187e+02 5.006396e-10
0 1 3.129918e+02 3.454520e-10
0 1 4.336244e+02 2.384308e-10
0 1 6.007511e+02 1.619008e-10
0 1 8.322914e+02 1.065643e-10
0 1 1.153072e+03 6.731102e-11
0 1 1.597486e+03 4.061293e-11
0 1 2.213186e+03 2.339847e-11
0 1 3.066188e+03 1.291776e-11
0 1 4.247952e+03 6.855131e-12
0 2 1.177038e+02 1.267228e-09
0 2 1.630689e+02 8.413842e-10
0 2 2.259187e+02 5.701390e-10
0 2 3.129918e+02 3.926553e-10
0 2 4.336244e+02 2.712747e-10
0 2 6.007511e+02 1.848873e-10
0 2 8.322914e+02 1.224014e-10
0 2 1.153072e+03 7.785577e-11
0 2 1.597486e+03 4.732831e-11
0 2 2.213186e+03 2.746100e-11
0 2 3.066188e+03 1.525701e-11
0 2 4.247952e+03 8.147472e-12
0 3 1.177038e+02 1.361686e-09
0 3 1.630689e+02 9.024771e-10
0 3 2.259187e+02 6.103830e-10
0 3 3.129918e+02 4.199933e-10
0 3 4.336244e+02 2.902935e-10
0 3 6.007511e+02 1.981982e-10
0 3 8.322914e+02 1.315696e-10
0 3 1.153072e+03 8.396462e-11
0 3 1.597486e+03 5.121774e-11
0 3 2.213186e+03 2.981358e-11
0 3 3.066188e+03 1.661183e-11
0 3 4.247952e+03 8.895994e-12
0 4 1.177038e+02 1.440361e-09
0 4 1.630689e+02 9.533085e-10
0 4 2.259187e+02 6.438756e-10
0 4 3.129918e+02 4.427364e-10
0 4 4.336244e+02 3.061192e-10
0 4 6.007511e+02 2.092813e-10
0 4 8.322914e+02 1.392098e-10
0 4 1.153072e+03 8.905763e-11
0 4 1.597486e+03 5.446233e-11
0 4 2.213186e+03 3.177740e-11
0 4 3.066188e+03 1.774265e-11
0 4 4.247952e+03 9.521340e-12
1 1 1.177038e+02 2.801262e-09
1 1 1.630689e+02 1.825820e-09
1 1 2.259187e+02 1.204802e-09
1 1 3.129918e+02 8.129825e-10
1 1 4.336244e+02 5.579007e-10
1 1 6.007511e+02 3.841187e-10
1 1 8.322914e+02 2.608262e-10
1 1 1.153072e+03 1.720174e-10
1 1 1.597486e+03 1.090725e-10
1 1 2.213186e+03 6.610931e-11
1 1 3.066188e+03 3.826900e-11
1 1 4.247952e+03 2.124824e-11
1 2 1.177038e+02 3.785486e-09
1 2 1.630689e+02 2.451955e-09
1 2 2.259187e+02 1.603200e-09
1 2 3.129918e+02 1.069661e-09
1 2 4.336244e+02 7.282646e-10
1 2 6.007511e+02 5.005915e-10
1 2 8.322914e+02 3.417056e-10
1 2 1.153072e+03 2.278394e-10
1 2 1.597486e+03 1.466534e-10
1 2 2.213186e+03 9.042649e-11
1 2 3.066188e+03 5.326878e-11
1 2 4.247952e+03 3.006963e-11
1 3 1.177038e+02 4.379218e-09
1 3 1.630689e+02 2.829540e-09
1 3 2.259187e+02 1.843568e-09
1 3 3.129918e+02 1.224201e-09
1 3 4.336244e+02 8.304994e-10
1 3 6.007511e+02 5.702928e-10
1 3 8.322914e+02 3.900285e-10
1 3 1.153072e+03 2.611930e-10
1 3 1.597486e+03 1.691367e-10
1 3 2.213186e+03 1.050119e-10
1 3 3.066188e+03 6.229061e-11
1 3 4.247952e+03 3.539398e-11
1 4 1.177038e+02 4.877741e-09
1 4 1.630689e+02 3.146614e-09
1 4 2.259187e+02 2.045369e-09
1 4 3.129918e+02 1.353887e-09
1 4 4.336244e+02 9.163284e-10
1 4 6.007511e+02 6.288201e-10
1 4 8.322914e+02 4.305999e-10
1 4 1.153072e+03 2.892001e-10
1 4 1.597486e+03 1.880154e-10
1 4 2.213186e+03 1.172614e-10
1 4 3.066188e+03 6.987397e-11
1 4 4.247952e+03 3.987043e-11
2 2 1.177038e+02 6.024887e-09
2 2 1.630689e+02 3.880785e-09
2 2 2.259187e+02 2.510592e-09
2 2 3.129918e+02 1.641171e-09
2 2 4.336244e+02 1.096581e-09
2 2 6.007511e+02 7.455027e-10
2 2 8.322914e+02 5.091003e-10
2 2 1.153072e+03 3.434413e-10
2 2 1.597486e+03 2.256430e-10
2 2 2.213186e+03 1.429044e-10
2 2 3.066188e+03 8.672094e-11
2 2 4.247952e+03 5.043424e-11
2 3 1.177038e+02 7.681043e-09
2 3 1.630689e+02 4.958574e-09
2 3 2.259187e+02 3.191572e-09
2 3 3.129918e+02 2.069011e-09
2 3 4.336244e+02 1.368863e-09
2 3 6.007511e+02 9.236111e-10
2 3 8.322914e+02 6.291000e-10
2 3 1.153072e+03 4.257184e-10
2 3 1.597486e+03 2.819015e-10
2 3 2.213186e+03 1.805587e-10
2 3 3.066188e+03 1.110473e-10
2 3 4.247952e+03 6.548779e-11
2 4 1.177038e+02 9.099401e-09
2 4 1.630689e+02 5.884414e-09
2 4 2.259187e+02 3.776331e-09
2 4 3.129918e+02 2.436501e-09
2 4 4.336244e+02 1.602380e-09
2 4 6.007511e+02 1.076137e-09
2 4 8.322914e+02 7.317352e-10
2 4 1.153072e+03 4.959954e-10
2 4 1.597486e+03 3.299333e-10
2 4 2.213186e+03 2.127421e-10
2 4 3.066188e+03 1.318523e-10
2 4 4.247952e+03 7.838296e-11
3 3 1.177038e+02 1.085806e-08
3 3 1.630689e+02 7.117367e-09
3 3 2.259187e+02 4.550538e-09
3 3 3.129918e+02 2.924240e-09
3 3 4.336244e+02 1.901210e-09
3 3 6.007511e+02 1.262115e-09
3 3 8.322914e+02 8.510425e-10
3 3 1.153072e+03 5.750595e-10
3 3 1.597486e+03 3.836109e-10
3 3 2.213186e+03 2.492926e-10
3 3 3.066188e+03 1.563458e-10
3 3 4.247952e+03 9.428080e-11
3 4 1.177038e+02 1.396705e-08
3 4 1.630689e+02 9.270566e-09
3 4 2.259187e+02 5.921227e-09
3 4 3.129918e+02 3.785510e-09
3 4 4.336244e+02 2.434848e-09
3 4 6.007511e+02 1.598193e-09
3 4 8.322914e+02 1.068399e-09
3 4 1.153072e+03 7.196392e-10
3 4 1.597486e+03 4.813041e-10
3 4 2.213186e+03 3.151918e-10
3 4 3.066188e+03 1.999357e-10
3 4 4.247952e+03 1.222209e-10
4 4 1.177038e+02 2.027608e-08
4 4 1.630689e+02 1.381471e-08
4 4 2.259187e+02 8.948181e-09
4 4 3.129918e+02 5.675412e-09
4 4 4.336244e+02 3.604884e-09
4 4 6.007511e+02 2.315747e-09
4 4 8.322914e+02 1.515639e-09
4 4 1.153072e+03 1.006228e-09
4 4 1.597486e+03 6.697237e-10
4 4 2.213186e+03 4.407497e-10
4 4 3.066188e+03 2.834055e-10
4 4 4.247952e+03 1.766975e-10
