0 0 1.177038e+02 6.217436e-10
0 0 1.630689e+02 4.215013e-10
0 0 2.259187e+02 2.904580e-10
0 0 3.129918e+02 2.011031e-10
0 0 4.336244e+02 1.376457e-10
0 0 6.007511e+02 9.173967e-11
0 0 8.322914e+02 5.881943e-11
0 0 1.153072e+03 3.599191e-11
0 0 1.597486e+03 2.096095e-11
0 0 2.213186e+03 1.163535e-11
0 0 3.066188e+03 6.182686e-12
0 0 4.247952e+03 3.164022e-12
0 1 1.177038e+02 1.103961e-09
0 1 1.630689e+02 7.358416e-10
0 1 2.259187e+02 5.005737e-10
0 1 3.129918e+02 3.455875e-10
0 1 4.336244e+02 2.387173e-10
0 1 6.007511e+02 1.622801e-10
0 1 8.322914e+02 1.069266e-10
0 1 1.153072e+03 6.754473e-11
0 1 1.597486e+03 4.065078e-11
0 1 2.213186e+03 2.326352e-11
0 1 3.066188e+03 1.269507e-11
0 1 4.247952e+03 6.643749e-12
0 2 1.177038e+02 1.267044e-09
0 2 1.630689e+02 8.412732e-10
0 2 2.259187e+02 5.700232e-10
0 2 3.129918e+02 3.927443e-10
0 2 4.336244e+02 2.715442e-10
0 2 6.007511e+02 1.852744e-10
0 2 8.322914e+02 1.227902e-10
0 2 1.153072e+03 7.812896e-11
0 2 1.597486e+03 4.738756e-11
0 2 2.213186e+03 2.732277e-11
0 2 3.066188e+03 1.500912e-11
0 2 4.247952e+03 7.899232e-12
0 3 1.177038e+02 1.361488e-09
0 3 1.630689e+02 9.022877e-10
0 3 2.259187e+02 6.102475e-10
0 3 3.129918e+02 4.200562e-10
0 3 4.336244e+02 2.905592e-10
0 3 6.007511e+02 1.985902e-10
0 3 8.322914e+02 1.319758e-10
0 3 1.153072e+03 8.425701e-11
0 3 1.597486e+03 5.128803e-11
0 3 2.213186e+03 2.967347e-11
0 3 3.066188e+03 1.634942e-11
0 3 4.247952e+03 8.626703e-12
0 4 1.177038e+02 1.440155e-09
0 4 1.630689e+02 9.531089e-10
0 4 2.259187e+02 6.437191e-10
0 4 3.129918e+02 4.427830e-10
0 4 4.336244e+02 3.063793e-10
0 4 6.007511e+02 2.096904e-10
0 4 8.322914e+02 1.396295e-10
0 4 1.153072e+03 8.936597e-11
0 4 1.597486e+03 5.454245e-11
0 4 2.213186e+03 3.163571e-11
0 4 3.066188e+03 1.746870e-11
0 4 4.247952e+03 9.233878e-12
1 1 1.177038e+02 2.800985e-09
1 1 1.630689e+02 1.825511e-09
1 1 2.259187e+02 1.204504e-09
1 1 3.129918e+02 8.127372e-10
1 1 4.336244e+02 5.579562e-10
1 1 6.007511e+02 3.844432e-10
1 1 8.322914e+02 2.612895e-10
1 1 1.153072e+03 1.724501e-10
1 1 1.597486e+03 1.092677e-10
1 1 2.213186e+03 6.596611e-11
1 1 3.066188e+03 3.785084e-11
1 1 4.247952e+03 2.070925e-11
1 2 1.177038e+02 3.785183e-09
1 2 1.630689e+02 2.451596e-09
1 2 2.259187e+02 1.602814e-09
1 2 3.129918e+02 1.069235e-09
1 2 4.336244e+02 7.281601e-10
1 2 6.007511e+02 5.008078e-10
1 2 8.322914e+02 3.421234e-10
1 2 1.153072e+03 2.283009e-10
1 2 1.597486e+03 1.468913e-10
1 2 2.213186e+03 9.028006e-11
1 2 3.066188e+03 5.277072e-11
1 2 4.247952e+03 2.937831e-11
1 3 1.177038e+02 4.378882e-09
1 3 1.630689e+02 2.829155e-09
1 3 2.259187e+02 1.843134e-09
1 3 3.129918e+02 1.223776e-09
1 3 4.336244e+02 8.303115e-10
1 3 6.007511e+02 5.704300e-10
1 3 8.322914e+02 3.904222e-10
1 3 1.153072e+03 2.616614e-10
1 3 1.597486e+03 1.694095e-10
1 3 2.213186e+03 1.048613e-10
1 3 3.066188e+03 6.174713e-11
1 3 4.247952e+03 3.461533e-11
1 4 1.177038e+02 4.877412e-09
1 4 1.630689e+02 3.146179e-09
1 4 2.259187e+02 2.044899e-09
1 4 3.129918e+02 1.353378e-09
1 4 4.336244e+02 9.160522e-10
1 4 6.007511e+02 6.289026e-10
1 4 8.322914e+02 4.309701e-10
1 4 1.153072e+03 2.896785e-10
1 4 1.597486e+03 1.882923e-10
1 4 2.213186e+03 1.171077e-10
1 4 3.066188e+03 6.928738e-11
1 4 4.247952e+03 3.901714e-11
2 2 1.177038e+02 6.024546e-09
2 2 1.630689e+02 3.880374e-09
2 2 2.259187e+02 2.510112e-09
2 2 3.129918e+02 1.640550e-09
2 2 4.336244e+02 1.096238e-09
2 2 6.007511e+02 7.454577e-10
2 2 8.322914e+02 5.093329e-10
2 2 1.153072e+03 3.438179e-10
2 2 1.597486e+03 2.258684e-10
2 2 2.213186e+03 1.427006e-10
2 2 3.066188e+03 8.606360e-11
2 2 4.247952e+03 4.945749e-11
2 3 1.177038e+02 7.680687e-09
2 3 1.630689e+02 4.958147e-09
2 3 2.259187e+02 3.191024e-09
2 3 3.129918e+02 2.068376e-09
2 3 4.336244e+02 1.368331e-09
2 3 6.007511e+02 9.233732e-10
2 3 8.322914e+02 6.292293e-10
2 3 1.153072e+03 4.260292e-10
2 3 1.597486e+03 2.820829e-10
2 3 2.213186e+03 1.803046e-10
2 3 3.066188e+03 1.102636e-10
2 3 4.247952e+03 6.431378e-11
2 4 1.177038e+02 9.099035e-09
2 4 1.630689e+02 5.883948e-09
2 4 2.259187e+02 3.775743e-09
2 4 3.129918e+02 2.435832e-09
2 4 4.336244e+02 1.601744e-09
2 4 6.007511e+02 1.075744e-09
2 4 8.322914e+02 7.318549e-10
2 4 1.153072e+03 4.962320e-10
2 4 1.597486e+03 3.300770e-10
2 4 2.213186e+03 2.124138e-10
2 4 3.066188e+03 1.309639e-10
2 4 4.247952e+03 7.703897e-11
3 3 1.177038e+02 1.085769e-08
3 3 1.630689e+02 7.116886e-09
3 3 2.259187e+02 4.549936e-09
3 3 3.129918e+02 2.923535e-09
3 3 4.336244e+02 1.900505e-09
3 3 6.007511e+02 1.261600e-09
3 3 8.322914e+02 8.509352e-10
3 3 1.153072e+03 5.751639e-10
3 3 1.597486e+03 3.836378e-10
3 3 2.213186e+03 2.488771e-10
3 3 3.066188e+03 1.553062e-10
3 3 4.247952e+03 9.275468e-11
3 4 1.177038e+02 1.396667e-08
3 4 1.630689e+02 9.270068e-09
3 4 2.259187e+02 5.920577e-09
3 4 3.129918e+02 3.784724e-09
3 4 4.336244e+02 2.434013e-09
3 4 6.007511e+02 1.597383e-09
3 4 8.322914e+02 1.068006e-09
3 4 1.153072e+03 7.195413e-10
3 4 1.597486e+03 4.811714e-10
3 4 2.213186e+03 3.145962e-10
3 4 3.066188e+03 1.986631e-10
3 4 4.247952e+03 1.203631e-10
4 4 1.177038e+02 2.027570e-08
4 4 1.630689e+02 1.381419e-08
4 4 2.259187e+02 8.947452e-09
4 4 3.129918e+02 5.674498e-09
4 4 4.336244e+02 3.603934e-09
4 4 6.007511e+02 2.314732e-09
4 4 8.322914e+02 1.514692e-09
4 4 1.153072e+03 1.005632e-09
4 4 1.597486e+03 6.692388e-10
4 4 2.213186e+03 4.398153e-10
4 4 3.066188e+03 2.816629e-10
4 4 4.247952e+03 1.742414e-10
