0 0 1.177038e+02 6.215225e-10
0 0 1.630689e+02 4.212241e-10
0 0 2.259187e+02 2.901196e-10
0 0 3.129918e+02 2.007148e-10
0 0 4.336244e+02 1.372055e-10
0 0 6.007511e+02 9.129105e-11
0 0 8.322914e+02 5.840755e-11
0 0 1.153072e+03 3.565552e-11
0 0 1.597486e+03 2.071755e-11
0 0 2.213186e+03 1.148371e-11
0 0 3.066188e+03 6.106104e-12
0 0 4.247952e+03 3.135769e-12
0 1 1.177038e+02 1.103731e-09
0 1 1.630689e+02 7.355499e-10
0 1 2.259187e+02 5.001941e-10
0 1 3.129918e+02 3.451190e-10
0 1 4.336244e+02 2.381822e-10
0 1 6.007511e+02 1.617018e-10
0 1 8.322914e+02 1.063481e-10
0 1 1.153072e+03 6.703119e-11
0 1 1.597486e+03 4.024343e-11
0 1 2.213186e+03 2.298397e-11
0 1 3.066188e+03 1.253359e-11
0 1 4.247952e+03 6.572382e-12
0 2 1.177038e+02 1.266812e-09
0 2 1.630689e+02 8.409783e-10
0 2 2.259187e+02 5.696389e-10
0 2 3.129918e+02 3.922609e-10
0 2 4.336244e+02 2.709873e-10
0 2 6.007511e+02 1.846611e-10
0 2 8.322914e+02 1.221673e-10
0 2 1.153072e+03 7.756212e-11
0 2 1.597486e+03 4.693111e-11
0 2 2.213186e+03 2.700314e-11
0 2 3.066188e+03 1.481846e-11
0 2 4.247952e+03 7.812193e-12
0 3 1.177038e+02 1.361250e-09
0 3 1.630689e+02 9.019801e-10
0 3 2.259187e+02 6.098907e-10
0 3 3.129918e+02 4.195642e-10
0 3 4.336244e+02 2.899764e-10
0 3 6.007511e+02 1.979554e-10
0 3 8.322914e+02 1.313278e-10
0 3 1.153072e+03 8.366439e-11
0 3 1.597486e+03 5.080416e-11
0 3 2.213186e+03 2.933070e-11
0 3 3.066188e+03 1.614283e-11
0 3 4.247952e+03 8.530243e-12
0 4 1.177038e+02 1.439916e-09
0 4 1.630689e+02 9.527957e-10
0 4 2.259187e+02 6.433213e-10
0 4 3.129918e+02 4.422842e-10
0 4 4.336244e+02 3.057877e-10
0 4 6.007511e+02 2.090232e-10
0 4 8.322914e+02 1.389602e-10
0 4 1.153072e+03 8.874926e-11
0 4 1.597486e+03 5.403526e-11
0 4 2.213186e+03 3.127350e-11
0 4 3.066188e+03 1.724833e-11
0 4 4.247952e+03 9.130232e-12
1 1 1.177038e+02 2.800733e-09
1 1 1.630689e+02 1.825180e-09
1 1 2.259187e+02 1.204065e-09
1 1 3.129918e+02 8.122035e-10
1 1 4.336244e+02 5.572575e-10
1 1 6.007511e+02 3.836326e-10
1 1 8.322914e+02 2.604006e-10
1 1 1.153072e+03 1.715649e-10
1 1 1.597486e+03 1.084756e-10
1 1 2.213186e+03 6.534080e-11
1 1 3.066188e+03 3.742172e-11
1 1 4.247952e+03 2.047008e-11
1 2 1.177038e+02 3.784933e-09
1 2 1.630689e+02 2.451256e-09
1 2 2.259187e+02 1.602367e-09
1 2 3.129918e+02 1.068659e-09
1 2 4.336244e+02 7.274066e-10
1 2 6.007511e+02 4.998998e-10
1 2 8.322914e+02 3.411397e-10
1 2 1.153072e+03 2.272828e-10
1 2 1.597486e+03 1.459483e-10
1 2 2.213186e+03 8.950594e-11
1 2 3.066188e+03 5.221455e-11
1 2 4.247952e+03 2.904791e-11
1 3 1.177038e+02 4.378636e-09
1 3 1.630689e+02 2.828816e-09
1 3 2.259187e+02 1.842679e-09
1 3 3.129918e+02 1.223174e-09
1 3 4.336244e+02 8.295701e-10
1 3 6.007511e+02 5.695273e-10
1 3 8.322914e+02 3.893639e-10
1 3 1.153072e+03 2.605796e-10
1 3 1.597486e+03 1.683855e-10
1 3 2.213186e+03 1.040000e-10
1 3 3.066188e+03 6.111646e-11
1 3 4.247952e+03 3.422830e-11
1 4 1.177038e+02 4.877158e-09
1 4 1.630689e+02 3.145888e-09
1 4 2.259187e+02 2.044438e-09
1 4 3.129918e+02 1.352764e-09
1 4 4.336244e+02 9.152866e-10
1 4 6.007511e+02 6.279402e-10
1 4 8.322914e+02 4.298550e-10
1 4 1.153072e+03 2.885274e-10
1 4 1.597486e+03 1.871967e-10
1 4 2.213186e+03 1.161748e-10
1 4 3.066188e+03 6.859332e-11
1 4 4.247952e+03 3.858456e-11
2 2 1.177038e+02 6.024291e-09
2 2 1.630689e+02 3.880065e-09
2 2 2.259187e+02 2.509649e-09
2 2 3.129918e+02 1.639962e-09
2 2 4.336244e+02 1.095468e-09
2 2 6.007511e+02 7.444654e-10
2 2 8.322914e+02 5.082194e-10
2 2 1.153072e+03 3.426186e-10
2 2 1.597486e+03 2.247100e-10
2 2 2.213186e+03 1.416885e-10
2 2 3.066188e+03 8.528491e-11
2 2 4.247952e+03 4.894833e-11
2 3 1.177038e+02 7.680434e-09
2 3 1.630689e+02 4.957802e-09
2 3 2.259187e+02 3.190547e-09
2 3 3.129918e+02 2.067747e-09
2 3 4.336244e+02 1.367510e-09
2 3 6.007511e+02 9.223479e-10
2 3 8.322914e+02 6.280238e-10
2 3 1.153072e+03 4.247058e-10
2 3 1.597486e+03 2.807912e-10
2 3 2.213186e+03 1.791514e-10
2 3 3.066188e+03 1.093419e-10
2 3 4.247952e+03 6.368241e-11
2 4 1.177038e+02 9.098777e-09
2 4 1.630689e+02 5.883599e-09
2 4 2.259187e+02 3.775142e-09
2 4 3.129918e+02 2.435191e-09
2 4 4.336244e+02 1.600906e-09
2 4 6.007511e+02 1.074672e-09
2 4 8.322914e+02 7.304641e-10
2 4 1.153072e+03 4.948285e-10
2 4 1.597486e+03 3.286720e-10
2 4 2.213186e+03 2.111432e-10
2 4 3.066188e+03 1.299159e-10
2 4 4.247952e+03 7.630444e-11
3 3 1.177038e+02 1.085743e-08
3 3 1.630689e+02 7.116532e-09
3 3 2.259187e+02 4.549462e-09
3 3 3.129918e+02 2.922889e-09
3 3 4.336244e+02 1.899660e-09
3 3 6.007511e+02 1.260491e-09
3 3 8.322914e+02 8.496351e-10
3 3 1.153072e+03 5.737413e-10
3 3 1.597486e+03 3.821406e-10
3 3 2.213186e+03 2.475178e-10
3 3 3.066188e+03 1.541625e-10
3 3 4.247952e+03 9.193351e-11
3 4 1.177038e+02 1.396641e-08
3 4 1.630689e+02 9.269715e-09
3 4 2.259187e+02 5.920097e-09
3 4 3.129918e+02 3.784066e-09
3 4 4.336244e+02 2.433142e-09
3 4 6.007511e+02 1.596226e-09
3 4 8.322914e+02 1.066529e-09
3 4 1.153072e+03 7.180014e-10
3 4 1.597486e+03 4.795435e-10
3 4 2.213186e+03 3.130551e-10
3 4 3.066188e+03 1.973344e-10
3 4 4.247952e+03 1.193753e-10
4 4 1.177038e+02 2.027544e-08
4 4 1.630689e+02 1.381383e-08
4 4 2.259187e+02 8.946978e-09
4 4 3.129918e+02 5.673818e-09
4 4 4.336244e+02 3.603035e-09
4 4 6.007511e+02 2.313553e-09
4 4 8.322914e+02 1.513335e-09
4 4 1.153072e+03 1.003994e-09
4 4 1.597486e+03 6.674203e-10
4 4 2.213186e+03 4.380558e-10
4 4 3.066188e+03 2.800703e-10
4 4 4.247952e+03 1.730062e-10
